name:Seven Seas
release_year:1984
danceability:0.284
energy:0.732
loudness:-11.245
mode:0
speechiness:0.0919
acousticness:0.00398
instrumentalness:0.000112
liveness:0.23
valence:0.584
tempo:178.419
