name:Soldiers Under Command
release_year:2003
danceability:0.301
energy:0.944
loudness:-4.473
mode:1
speechiness:0.0798
acousticness:0.000217
instrumentalness:0.000431
liveness:0.0917
valence:0.239
tempo:86.111
