name:Ace Of Spades
release_year:1980
danceability:0.324
energy:0.991
loudness:-4.465
mode:1
speechiness:0.197
acousticness:0.00247
instrumentalness:0.00895
liveness:0.104
valence:0.195
tempo:140.245
