name:I Want Out
release_year:1991
danceability:0.479
energy:0.9
loudness:-6.646
mode:0
speechiness:0.0425
acousticness:0.000558
instrumentalness:0.00105
liveness:0.326
valence:0.554
tempo:90.996
