release_date_precision:day
release_date:2008-10-20
danceability:0.632
energy:0.911
loudness:-4.728
mode:1
speechiness:0.075
acousticness:0.00114
instrumentalness:0.000182
liveness:0.338
valence:0.73
tempo:124.305
