release_date_precision:day
release_date:1981-10-05
danceability:0.33
energy:0.841
loudness:-5.303
mode:1
speechiness:0.0562
acousticness:0.000292
instrumentalness:0.000262
liveness:0.061
valence:0.672
tempo:106.807
