release_date_precision:day
release_date:2018-09-21
danceability:0.531
energy:0.936
loudness:-5.883
mode:1
speechiness:0.0427
acousticness:0.00361
instrumentalness:0.00114
liveness:0.681
valence:0.366
tempo:130.012
