release_date_precision:day
release_date:2018-10-26
danceability:0.408
energy:0.904
loudness:-5.686
mode:1
speechiness:0.0442
acousticness:0.00204
instrumentalness:0.00349
liveness:0.364
valence:0.253
tempo:94.994
