release_date_precision:day
release_date:2018-10-05
danceability:0.516
energy:0.924
loudness:-4.867
mode:1
speechiness:0.0381
acousticness:0.00694
instrumentalness:0.000192
liveness:0.205
valence:0.418
tempo:98.031
