name:One Time A Year
release_year:2018
danceability:0.369
energy:0.935
loudness:-6.201
mode:0
speechiness:0.0678
acousticness:0.000688
instrumentalness:0.00704
liveness:0.282
valence:0.659
tempo:170.991
