release_date_precision:day
release_date:2018-10-17
danceability:0.414
energy:0.906
loudness:-4.995
mode:1
speechiness:0.0798
acousticness:0.000357
instrumentalness:0.00014
liveness:0.332
valence:0.706
tempo:180.008
