release_date_precision:day
release_date:2018-11-28
danceability:0.342
energy:0.908
loudness:-3.699
mode:0
speechiness:0.0864
acousticness:0.000313
instrumentalness:0.000808
liveness:0.232
valence:0.419
tempo:146.061
