release_date_precision:day
release_date:2018-04-23
danceability:0.375
energy:0.969
loudness:-5.727
mode:0
speechiness:0.0723
acousticness:0.000685
instrumentalness:0.00147
liveness:0.196
valence:0.676
tempo:144.329
