release_date_precision:day
release_date:2008-10-02
danceability:0.559
energy:0.864
loudness:-3.989
mode:0
speechiness:0.0423
acousticness:0.00445
instrumentalness:0.00313
liveness:0.0625
valence:0.291
tempo:127.983
