release_date_precision:day
release_date:2011-03-28
danceability:0.505
energy:0.932
loudness:-2.894
mode:0
speechiness:0.0413
acousticness:0.00114
instrumentalness:0.000179
liveness:0.135
valence:0.479
tempo:120.006
