release_date_precision:day
release_date:2004-08-26
danceability:0.359
energy:0.959
loudness:-3.685
mode:1
speechiness:0.104
acousticness:0.000216
instrumentalness:0.00343
liveness:0.435
valence:0.158
tempo:103.038
