release_date_precision:day
release_date:1992-01-01
danceability:0.684
energy:0.859
loudness:-9.772
mode:1
speechiness:0.0401
acousticness:0.000587
instrumentalness:0.00285
liveness:0.467
valence:0.517
tempo:112.663
