release_date_precision:day
release_date:2015-10-02
danceability:0.517
energy:0.887
loudness:-7.637
mode:0
speechiness:0.0732
acousticness:0.000244
instrumentalness:0.00258
liveness:0.151
valence:0.531
tempo:166.008
