name:Love of a Lifetime
release_year:1990
danceability:0.472
energy:0.48
loudness:-11.893
mode:1
speechiness:0.0308
acousticness:0.000204
instrumentalness:0.00275
liveness:0.0914
valence:0.126
tempo:123.023
