name:L.O.M.
release_year:2018
danceability:0.36
energy:0.927
loudness:-6.376
mode:0
speechiness:0.0721
acousticness:0.00025
instrumentalness:0.00064
liveness:0.107
valence:0.44
tempo:93.922
