name:My Father's Eyes
release_year:2015
danceability:0.807
energy:0.571
loudness:-6.177
mode:1
speechiness:0.0332
acousticness:0.00797
instrumentalness:0.00028
liveness:0.337
valence:0.811
tempo:93.008
