release_date_precision:day
release_date:2009-05-01
danceability:0.617
energy:0.00835
loudness:-24.432
mode:1
speechiness:0.0443
acousticness:0.959
instrumentalness:0.00194
liveness:0.253
valence:0.509
tempo:122.929
