release_date_precision:day
release_date:2006-02-07
danceability:0.524
energy:0.00148
loudness:-30.121
mode:1
speechiness:0.0599
acousticness:0.992
instrumentalness:0.00624
liveness:0.073
valence:0.162
tempo:102.687
