name:Savior
release_year:2008
danceability:0.339
energy:0.932
loudness:-3.424
mode:0
speechiness:0.0613
acousticness:0.00161
instrumentalness:0.000134
liveness:0.425
valence:0.466
tempo:112.549
