name:Panic Switch
release_year:2009
danceability:0.258
energy:0.889
loudness:-4.621
mode:0
speechiness:0.0589
acousticness:0.000204
instrumentalness:0.00795
liveness:0.264
valence:0.549
tempo:131.993
