name:Fallen
release_year:2010
danceability:0.311
energy:0.744
loudness:-4.609
mode:1
speechiness:0.0585
acousticness:0.000222
instrumentalness:0.000426
liveness:0.106
valence:0.531
tempo:71.832
