release_date_precision:day
release_date:2007-01-01
danceability:0.36
energy:0.75
loudness:-7.453
mode:1
speechiness:0.0373
acousticness:0.000148
instrumentalness:0.000232
liveness:0.0704
valence:0.148
tempo:105.599
