release_date_precision:day
release_date:2004-01-01
danceability:0.535
energy:0.962
loudness:-3.958
mode:0
speechiness:0.112
acousticness:0.000186
instrumentalness:0.000902
liveness:0.184
valence:0.652
tempo:135.123
