release_date_precision:day
release_date:2017-12-08
danceability:0.706
energy:0.842
loudness:-3.687
mode:1
speechiness:0.0367
acousticness:0.00533
instrumentalness:0.000316
liveness:0.0879
valence:0.239
tempo:124.003
