release_date_precision:day
release_date:2018-08-31
danceability:0.833
energy:0.886
loudness:-6.767
mode:1
speechiness:0.0573
acousticness:0.000431
instrumentalness:0.00451
liveness:0.11
valence:0.604
tempo:122.025
