release_date_precision:day
release_date:2017-05-05
danceability:0.499
energy:0.998
loudness:-2.643
mode:1
speechiness:0.122
acousticness:0.000239
instrumentalness:0.00352
liveness:0.347
valence:0.054
tempo:110.019
